double meanDistances[9][9] = {
  { 0.0000, 0.3871, 0.7233, 1.0000, 1.5237, 5.2026, 9.5549, 19.2184, 30.1104},
  { 0.3871, 0.4929, 0.7761, 1.0378, 1.5484, 5.2098, 9.5588, 19.2203, 30.1116},
  { 0.7233, 0.7761, 0.9209, 1.1358, 1.6108, 5.2278, 9.5686, 19.2252, 30.1147 },
  { 1.0000, 1.0378, 1.1358, 1.2732, 1.6928, 5.2508, 9.5811, 19.2314, 30.1187 },
  { 1.5237, 1.5484, 1.6108, 1.6928, 1.9400, 5.3148, 9.6157, 19.2486, 30.1297 },
  { 5.2026, 5.2098, 5.2278, 5.2508, 5.3148, 6.6241, 10.2773, 19.5721, 30.336 },
  { 9.555, 9.559, 9.569, 9.581, 9.616, 10.278, 12.166, 20.426, 30.873 },
  { 19.218, 19.220, 19.225, 19.231, 19.249, 19.572, 20.426, 24.470, 33.265 },
  { 30.110, 30.112, 30.115, 30.119, 30.130, 30.336, 30.873, 33.265, 38.338 }
};

short int nutationMultiples[5*63] = {
   0, 0, 0, 0, 1,  -2, 0, 0, 2, 2,   0, 0, 0, 2, 2,   0, 0, 0, 0, 2,
   0, 1, 0, 0, 0,   0, 0, 1, 0, 0,  -2, 1, 0, 2, 2,   0, 0, 0, 2, 1,
   0, 0, 1, 2, 2,  -2,-1, 0, 2, 2,  -2, 0, 1, 0, 0,  -2, 0, 0, 2, 1,
   0, 0,-1, 2, 2,   2, 0, 0, 0, 0,   0, 0, 1, 0, 1,   2, 0,-1, 2, 2,
   0, 0,-1, 0, 1,   0, 0, 1, 2, 1,  -2, 0, 2, 0, 0,   0, 0,-2, 2, 1,
   2, 0, 0, 2, 2,   0, 0, 2, 2, 2,   0, 0, 2, 0, 0,  -2, 0, 1, 2, 2,
   0, 0, 0, 2, 0,  -2, 0, 0, 2, 0,   0, 0,-1, 2, 1,   0, 2, 0, 0, 0,
   2, 0,-1, 0, 1,  -2, 2, 0, 2, 2,   0, 1, 0, 0, 1,  -2, 0, 1, 0, 1,
   0,-1, 0, 0, 1,   0, 0, 2,-2, 0,   2, 0,-1, 2, 1,   2, 0, 1, 2, 2,
   0, 1, 0, 2, 2,  -2, 1, 1, 0, 0,   0,-1, 0, 2, 2,   2, 0, 0, 2, 1,
   2, 0, 1, 0, 0,  -2, 0, 2, 2, 2,  -2, 0, 1, 2, 1,   2, 0,-2, 0, 1,
   2, 0, 0, 0, 1,   0,-1, 1, 0, 0,  -2,-1, 0, 2, 1,  -2, 0, 0, 0, 1,
   0, 0, 2, 2, 1,  -2, 0, 2, 0, 1,  -2, 1, 0, 2, 1,   0, 0, 1,-2, 0,
  -1, 0, 1, 0, 0,  -2, 1, 0, 0, 0,   1, 0, 0, 0, 0,   0, 0, 1, 2, 0,
   0, 0,-2, 2, 2,  -1,-1, 1, 0, 0,   0, 1, 1, 0, 0,   0,-1, 1, 2, 2,
   2,-1,-1, 2, 2,   0, 0, 3, 2, 2,   2,-1, 0, 2, 2
 };

double nutationAmplitudes[4*63] = {
  -171996, -174.2, 92025, 8.9,  -13187, -1.6, 5736, -3.1,
  -2274, -0.2, 977, -0.5,  2062, 0.2, -895, 0.5,
  1426, -3.4, 54, -0.1,  712, 0.1, -7, 0,  -517, 1.2, 224, -0.6,
  -386, -0.4, 200, 0,  -301, 0, 129, -0.1,  217, -0.5, -95, 0.3,
  -158, 0, 0, 0,  129, 0.1, -70, 0,  123, 0, -53, 0,
  63, 0, 0, 0,  63, 0.1, -33, 0,  -59, 0, 26, 0,
  -58, -0.1, 32, 0,  -51, 0, 27, 0,  48, 0, 0, 0,
  46, 0, -24, 0,  -38, 0, 16, 0,  -31, 0, 13, 0,  29, 0, 0, 0,
  29, 0, -12, 0,  26, 0, 0, 0,  -22, 0, 0, 0,  21, 0, -10, 0,
  17, -0.1, 0, 0,  16, 0, -8, 0,  -16, 0.1, 7, 0,  -15, 0, 9, 0,
  -13, 0, 7, 0,  -12, 0, 6, 0,  11, 0, 0, 0,  -10, 0, 5, 0,
  -8, 0, 3, 0,  7, 0, -3, 0,  -7, 0, 0, 0,  -7, 0, 3, 0,
  -7, 0, 3, 0,  6, 0, 0, 0,  6, 0, -3, 0,  6, 0, -3, 0,
  -6, 0, 3, 0,  -6, 0, 3, 0,  5, 0, 0, 0,  -5, 0, 3, 0,
  -5, 0, 3, 0,  -5, 0, 3, 0,  4, 0, 0, 0,  4, 0, 0, 0,
  4, 0, 0, 0,  -4, 0, 0, 0,  -4, 0, 0, 0,  -4, 0, 0, 0,
  3, 0, 0, 0,  -3, 0, 0, 0,  -3, 0, 0, 0,  -3, 0, 0, 0,
  -3, 0, 0, 0,  -3, 0, 0, 0,  -3, 0, 0, 0,  -3, 0, 0, 0
};
